,Date,Close_Return,High_Return,Low_Return,Open_Return,Volume_Return,Intraday_return,Gap_Return,Retrun_2d_Close,Retrun_5d_Close,Retrun_10d_Close,Close_Return_lag1,Volatility_2d,Volatility_5d,Volatility_10d,Volatility_ratio_2/5,Volatility_ratio_2/10,Volatility_ratio_5/10,High_Return_lag6,Open_Return_lag7
0,2025-12-23,0.02430495071090233,0.016233548106789453,0.007729832114425461,-0.006447551192644951,0.12470484203241683,0.024239807831279235,0.019978336436963673,0.017185769883069968,0.025904050042604876,0.039382850292742466,-0.00695025521734649,0.022100768059246722,0.012026823808765134,0.009326327973824952,1.83762300094059,2.3697180842529026,1.2895561728602434,-0.003395863652680964,-0.0009212737698125473
1,2025-12-24,0.010745959085171286,0.012785546415973847,0.023266145201876753,0.04647540729913535,-0.0913931017194426,-0.010730457993732507,6.985065519221905,0.03531208980197986,0.03974439293566134,0.03527909942074392,0.02430495071090233,0.009587654924606032,0.011302516872231542,0.008884324422006056,0.8482760992961975,1.0791653331409037,1.2721864190636416,0.009330757356274866,-0.009889376562810082
2,2025-12-26,0.009617777517530124,0.0015439087089403891,0.013374781989704099,-0.005714807553379941,-0.17813776605917342,0.004524782178906055,1.6488377786637898,0.02046708884639492,0.04258287481136569,0.04610144949941475,0.010745959085171286,0.0007977448368887355,0.011308137465666522,0.00893185194348646,0.07054608588822235,0.0893146059670738,1.2660462283986877,-0.007477658032386092,0.003629205552959869
3,2025-12-29,0.010013004916438417,0.009702920357754108,-0.0024554716073478255,-0.003943909621135111,0.29410395892302654,0.018600361527467486,-2.7680757324415595,0.01972708528753686,0.04839814658574504,0.058530748833829804,0.009617777517530124,0.00027946797387877486,0.011086210007028538,0.008773694064462923,0.025208612654964605,0.03185294265168594,1.2635738066058466,0.025176525078308698,0.0011199617073875956
4,2025-12-30,0.012384857350936418,0.01930907837357787,0.02652313128695649,0.028084860030298753,-0.01197680691194114,0.003045197720552474,3.087875684121059,0.022521871904919166,0.06881091672854511,0.07146964413753443,0.010013004916438417,0.0016771529404073578,0.006179976832811872,0.008761636147833226,0.27138498829036195,0.19142006265828806,0.7053450666677359,-0.01079072802586567,0.012945516712581817
5,2025-12-31,-0.00038695353039874814,-0.011659670561904867,-0.009411858023365305,0.0003283637917390614,-0.14893667804377397,0.002327937637976289,-0.9093634426289441,0.01199311145626214,0.043046151275051736,0.07006527097442716,0.012384857350936418,0.009031034082224231,0.005065813350256388,0.008871199209701641,1.782741182473128,1.0180172791461828,0.5710404231162297,0.006018404490814477,0.0023982675075491233
6,2026-01-02,-0.0091115228573736,0.003476753184931125,0.0007866227745321197,0.0077298987482163906,-0.0029166783520767625,-0.014423205109491442,1.8087078995088746,-0.009494950651835365,0.022554088034025366,0.06319487950681668,-0.00038695353039874814,0.00616920213403607,0.009054165557367315,0.009816855713988088,0.6813661728348043,0.6284295413699055,0.9223081016120047,0.016233548106789453,-0.003966604330932544
7,2026-01-05,-0.008353871352345,-0.009002372227721489,-0.00919145134754007,-0.009595714040415815,0.4183613197198548,-0.013187415489416071,1.6288556742482,-0.01738927771994414,0.004352167039935351,0.04712036963552069,-0.0091115228573736,0.000535740516981917,0.010030819594913728,0.010828038205113107,0.053409445949319234,0.04947715429457342,0.9263746031277462,0.012785546415973847,-0.006447551192644951
8,2026-01-06,-0.024242369838586297,-0.020678215340265815,-0.02218492949254791,-0.04048919143082885,-0.12346064608245588,0.0035216907158919274,-9.123564262035643,-0.032393723552023745,-0.029711216006128027,0.017248962792111744,-0.008353871352345,0.011234865022493417,0.013393083816188565,0.01417678241796986,0.8388557240949651,0.7924834205152644,0.9447195718551824,0.0015439087089403891,0.04647540729913535
9,2026-01-07,0.019813685178711404,0.014493642960011544,-0.0033704238061242897,0.00015588872878269378,0.0007239614264302752,0.02324564110352064,-1.079225183459755,-0.004909015343842582,-0.02259128699180757,0.044665102568753445,-0.024242369838586297,0.031152335255058825,0.016077488012564683,0.014851150267375981,1.9376369760445804,2.0976378727708522,1.0825752701380067,0.009702920357754108,-0.005714807553379941
10,2026-01-08,0.006577736544023383,0.008030486728705766,0.029434749486092926,0.04216001381212009,-0.25809204614175985,-0.011690846223348324,6.065731011687433,0.026521750923806486,-0.01578130308234993,0.02658552383290158,0.019813685178711404,0.009359229035024726,0.016803498004133156,0.013186293582847225,0.5569809948334946,0.7097695024172102,1.2743154775494459,0.01930907837357787,-0.003943909621135111
11,2026-01-09,-0.007896232610549059,-0.004356247929593882,-0.003954350452265998,-0.005860448183676148,0.03909559069994217,-0.013714691246432419,1.9486050135841424,-0.0013704354043282407,-0.014574193088947474,0.007651187311124907,0.006577736544023383,0.010234641739883093,0.016702626708547937,0.013240980083249297,0.6127564196022707,0.7729519775375677,1.261434320083137,-0.011659670561904867,0.028084860030298753
12,2026-01-12,0.01625350820181426,0.006443074660537285,-0.0013743056174118085,-0.014075602297119127,-0.04537756598240472,0.01662552163637749,-0.11991489819524759,0.008228934109766106,0.009878831183121273,0.014273992546524727,-0.007896232610549059,0.017076445492319625,0.018220810003239985,0.013880498569254907,0.9371946411429091,1.2302472715312758,1.3126913210162927,0.003476753184931125,0.0003283637917390614
13,2026-01-13,0.0038707612918738032,0.006163646927740851,0.01981652272404011,0.023062107665038134,-0.16918374478248677,-0.002445082554067535,2.10849295973793,0.02018718294409294,0.03897504844993405,0.008105836360460694,0.01625350820181426,0.008755924309735664,0.01094378857030916,0.013595155962258755,0.8000816402366142,0.6440473602541091,0.804977052171376,-0.009002372227721489,0.0077298987482163906
14,2026-01-14,0.004364196880606519,-0.001094892076139109,-0.004617934198321794,0.002057496183054175,0.26798606039877604,-0.00014874663254178376,1.5089675227644648,0.008251850936836114,0.02323527844455575,0.00011907660907262141,0.0038707612918738032,0.0003489116508716797,0.008608907290238796,0.01306809085273675,0.04052914488547147,0.0266995121784457,0.6587731434722844,-0.020678215340265815,-0.009595714040415815
15,2026-01-15,0.006666405517007812,0.014072372145116807,-0.016268014456683688,0.012616731968944084,0.45020849736097746,-0.006024060730251734,4.286949027585763,0.011059695903776534,0.023325414772796593,0.007176006250395606,0.004364196880606519,0.0016279073385055888,0.008614002089279645,0.013228912902632367,0.18898385693817776,0.12305677348451348,0.6511496562628045,0.014493642960011544,-0.04048919143082885
16,2026-01-16,-0.0007390768797954639,-0.006690236932054283,0.017608890097821073,-0.0008815178238261723,-0.220220381243465,-0.00588235294117652,1.7487762270594658,0.005922401651023312,0.030707807217529526,0.01568607261685573,0.006666405517007812,0.005236466820737203,0.006288255246347046,0.012789989746842069,0.8327376379607294,0.4094191570427272,0.49165443998105285,0.008030486728705766,0.00015588872878269378
17,2026-01-20,0.01683434086633162,0.01420585693972276,0.010051463816303174,-0.011117629739965551,0.03165613718411553,0.022217599171917273,-1.7787419939461415,0.016082822114415363,0.03129690113668793,0.0414849091226932,-0.0007390768797954639,0.012426282856910475,0.006524052641752497,0.013081921199448501,1.9046877055198799,0.9498821058052493,0.49870753250123034,-0.004356247929593882,0.04216001381212009
18,2026-01-21,-0.011580300604792315,0.012092887557495047,0.005482149697741301,0.03307349953416128,0.1406169448948793,-0.021966963100299157,3.6474033511022412,0.005059093533823722,0.015423710216377673,0.054999898519273005,0.01683434086633162,0.020092185669216233,0.010406715175612095,0.010357527424206597,1.9306942998019032,1.9398631397546433,1.0047489858719119,0.006443074660537285,-0.005860448183676148
19,2026-01-22,-0.01963432234313034,-0.01630370996388264,-0.026520890274146725,-0.012610114794709415,0.9343956040945909,-0.028924606826786683,3.24772130283543,-0.03098725159301774,-0.008839067673904522,0.014190832572057888,-0.011580300604792315,0.005695053387002682,0.014436946709225046,0.011691192272300694,0.39447768989571785,0.48712340489820377,1.2348566658534663,0.006163646927740851,-0.014075602297119127
20,2026-01-23,-0.005374779306136834,-0.030934150559592366,-0.06714965815979801,-0.08963143964815967,0.24904840664755934,0.0609506076000713,-20.805368622800074,-0.024903571499847232,-0.020694784632581897,0.0021479157050259268,-0.01963432234313034,0.010083019578079524,0.013678793394643715,0.01172211697428196,0.7371278509132092,0.860170530647444,1.1669217620549817,-0.001094892076139109,0.023062107665038134
21,2026-01-26,-0.02532829146093707,-0.006943337695783702,0.04392103467050412,0.04791496297739717,-0.3608073391999166,-0.013203763741445216,-4.067125769153847,-0.030566936790269894,-0.04479294110397625,-0.015460626886573792,-0.005374779306136834,0.014109263753147446,0.0163318237536378,0.014122852314260033,0.8639123202639696,0.9990378316780338,1.1564111406268363,0.014072372145116807,0.002057496183054175
22,2026-01-27,0.004522119395378388,-0.008111881219344252,-0.008314622065688893,-0.01910266703442809,-0.29691826074618,0.010563097017430398,-1.9286454996392877,-0.02092070962362602,-0.05635895573102523,-0.026825915260018207,-0.02532829146093707,0.021107427937705196,0.011743293303216183,0.012923668808622762,1.7974027721784331,1.6332380727384606,0.9086656024008427,-0.006690236932054283,0.012616731968944084
23,2026-01-28,-0.017698662560139744,-0.018401001730715794,-0.008352877235711653,0.00012463420213282284,-0.011859203180617617,-0.007446224380309189,-3.347659159057457,-0.013256578629996851,-0.06220013581706807,-0.047735782470952115,0.004522119395378388,0.015712465604014545,0.012070681575717583,0.013503270321183059,1.3017049207580031,1.1636044624957143,0.8939080155110186,0.01420585693972276,-0.0008815178238261723
24,2026-01-29,-0.023918591893986596,-0.0018963691735182087,-0.01573367512402002,-0.0062310785770707255,0.15921368394179214,-0.025112110025928912,0.3897509670254635,-0.041193927367281,-0.0662983896569197,-0.07455144137797587,-0.017698662560139744,0.004398154210464234,0.01281485970187133,0.014309166199313997,0.3432073633878317,0.30736621192331165,0.8955699810437378,0.012092887557495047,-0.011117629739965551
25,2026-01-30,-0.006303051873291943,-0.01501281066267035,-0.007944186835624367,-0.021569459237796518,0.05186273300680089,-0.009900978481044242,1.129204409314525,-0.030070883641834634,-0.06716980290158425,-0.08647452292930491,-0.023918591893986596,0.012456067802896206,0.012672571791297438,0.013430685105192195,0.9829155445345427,0.9274335378528672,0.9435536379598628,-0.01630370996388264,0.03307349953416128
26,2026-02-02,-0.010614844217675667,-0.02406391840723332,-0.011360705649679836,-0.013970243866653576,-0.1939143197526031,-0.006531731367969558,-1.269083610150517,-0.01685099017723679,-0.05308798666368264,-0.09550296070770392,-0.006303051873291943,0.0030488976057819733,0.010893956263930615,0.013121656891724644,0.2798705568404687,0.23235614457384593,0.8302271850135816,-0.030934150559592366,-0.012610114794709415
27,2026-02-03,-0.012102646085931701,-0.013576163090156301,-0.024562906280887753,-0.02498947414457031,0.019426125398379623,0.006599054833894127,-5.6760058157514095,-0.022589022600783548,-0.06875930922512785,-0.1212430620914382,-0.010614844217675667,0.0010520347901058556,0.0068242115844211965,0.009161725035237695,0.1541621002062006,0.11482933465690516,0.7448609904984064,-0.006943337695783702,-0.08963143964815967
28,2026-02-04,0.004337473124623736,0.0030876642407435817,0.01687765733510549,0.00683240146914188,-0.27429702707936277,0.004104704721794464,0.06996407383962833,-0.007817667863442512,-0.047868625852374724,-0.10709132664004861,-0.012102646085931701,0.01162491977729898,0.010214766822045883,0.010658376232764586,1.1380504303054333,1.0906839394131322,0.9583792689401396,-0.008111881219344252,0.04791496297739717
29,2026-02-05,-0.0015823770894107803,0.0002946963358008148,-0.0040165755667875835,-0.0008937434633304875,-0.09296013987732643,0.0034126259171097535,-1.508918990564041,0.002748232517114646,-0.026080473021553252,-0.09064976931565327,0.004337473124623736,0.004185966229952442,0.00674944962792908,0.010601885631718752,0.6201937136668154,0.3948322379019875,0.636627281446619,-0.018401001730715794,-0.01910266703442809
30,2026-02-06,0.040052807314611805,0.03610824871334817,0.012864863746952615,0.008283044199886902,1.059687858049732,0.035028928120234795,1.4689556011510945,0.0384070515805397,0.019352771528580837,-0.04911695322217757,-0.0015823770894107803,0.029440521228036753,0.02123657802539442,0.018959574856430045,1.386311918654322,1.5528049257946388,1.1200977968233365,-0.0018963691735182087,0.00012463420213282284
31,2026-02-09,-0.011080081023819632,0.00954188358220609,0.019644679049173552,0.048402987740273185,-0.40946198891954266,-0.023695338811607927,4.067130684715551,0.028528937940514698,0.01887344310426764,-0.03521649665523208,0.040052807314611805,0.036156412085759405,0.0213175848387328,0.01774739224820921,1.696083883764606,2.0372802708188154,1.20116716532728,-0.01501281066267035,-0.0062310785770707255
32,2026-02-10,-0.0018940708591722588,-0.022690247780893236,-0.012714978779635677,-0.02673558030445622,-0.1848136715144958,0.0012237694713938857,-0.9693066768413132,-0.012953165424407387,0.029402114073237673,-0.04137886420532433,-0.011080081023819632,0.006495490079470712,0.01983614200606035,0.017542401873594377,0.3274573290252815,0.3702737017584815,1.1307540523238506,-0.02406391840723332,-0.021569459237796518
33,2026-02-11,0.00643284820201151,0.004387222866718776,0.011473156018883879,0.004959362166894188,0.16974031449585403,0.002691778326162703,1.1591602683822089,0.004526593072518459,0.03154978215509141,-0.017829088414989203,-0.0018940708591722588,0.005888020934554562,0.019815238470450188,0.01711549434759186,0.2971461051722983,0.34401699506757183,1.1577368475622312,-0.013576163090156301,-0.013970243866653576
34,2026-02-12,-0.017641310753361283,-0.0015941096775992092,-0.022912272723270455,0.0018587466332020686,0.21584856292301335,-0.016824493088448196,-0.2597729906592008,-0.011321946425510543,0.014957938078462352,-0.011512645043604275,0.00643284820201151,0.01702300104870695,0.022543335214486235,0.016304632399241112,0.7551234494250014,1.0440591748329926,1.3826337609141988,0.0030876642407435817,-0.02498947414457031
35,2026-02-13,0.014249474647304972,-0.002459030446162913,0.004795701660757601,-0.02718782262732533,0.2253398186170097,0.025054234070435086,-3.2377124261504378,-0.0036432155163814706,-0.010222799991157605,0.008932132024811912,-0.017641310753361283,0.02255019061417606,0.012867275891959221,0.016853544015385923,1.7525225077568831,1.3380088243511012,0.7634759715946058,0.0002946963358008148,0.00683240146914188
36,2026-02-17,-0.016807943446709328,-0.012421259909567217,-0.008229175626183194,-0.0029921326471464837,-0.220660116575494,0.010849777093772254,-8.524022166142572,-0.002797973163421563,-0.01595562781894888,0.0026166776514851,0.014249474647304972,0.02196091094042329,0.01407733975307879,0.01743226609378664,1.5600185351511688,1.2597852064827528,0.8075450246882336,0.03610824871334817,-0.0008937434633304875
37,2026-02-18,-0.009591529564517476,-0.01474920102482924,-0.01523395212558265,-0.015301941394823437,0.020316066018591483,0.016711846664575543,-7.924407129325573,-0.026238259124738983,-0.023544642870298338,0.005165208927453202,-0.016807943446709328,0.005102775191946598,0.014326773640981649,0.017249338268751583,0.35617057404677216,0.2958244027940853,0.8305694640434775,0.00954188358220609,0.008283044199886902
38,2026-02-19,-0.0014821877429089803,0.005033947717415721,0.01361608191582464,0.014401143717083897,-0.16792404991971155,0.0007923345860494969,-0.6894674176382978,-0.011059500859870064,-0.03122392248055661,-0.0006592482777540987,-0.009591529564517476,0.005734170593019037,0.013184823988661913,0.0172091390369291,0.43490687459688876,0.3332049663097077,0.7661524472763334,-0.022690247780893236,0.048402987740273185
39,2026-02-20,-0.007422644642436693,-0.007103937988519604,-0.009177176457685454,0.0004951216404363024,0.2104569985306166,-0.0071277837948884905,-0.08995951000167679,-0.00889383063243665,-0.021146545061505817,-0.006504915694646951,-0.0014821877429089803,0.004200537357002459,0.01168528224344668,0.017369631454578704,0.3594724773856615,0.24183226731014953,0.672742094384875,0.004387222866718776,-0.02673558030445622
40,2026-02-23,-0.007843650721151563,-0.009132775472260879,-0.009429778356561558,-0.022934246163423877,-0.28460826296490016,0.008206939463797806,-4.786620719567452,-0.015208074731585808,-0.04246864838803044,-0.052257299880822394,-0.007422644642436693,0.0002976962531800416,0.005499331084230324,0.009964158700078959,0.05413317522083809,0.02987670732077788,0.55191123001551,-0.0015941096775992092,0.004959362166894188
41,2026-02-24,0.026985310109788108,0.021581728658185195,-0.003025246737533571,-0.005143031206606308,0.14603802650047504,0.04076641050809966,-3.950012207031193,0.018929996041533448,0.00018162832030865772,-0.015776897492520425,-0.007843650721151563,0.024627794385238093,0.015321035457664825,0.013977012989181978,1.607449734927496,1.7620212848267136,1.0961594919832371,-0.002459030446162913,0.0018587466332020686
42,2026-02-25,0.002219686727622072,0.008833188006790227,0.03907107343780303,0.04012103772211706,-0.20716359455651423,0.0028415425385636137,-0.189971923828125,0.029264895772101784,0.012109395394353628,-0.011720358865880076,0.026985310109788108,0.017511940233841724,0.014325819476151032,0.014024634783850326,1.222404083968446,1.2486557050317706,1.0214754035982119,-0.012421259909567217,-0.02718782262732533
43,2026-02-26,0.0054064734754804,0.006171056191545121,0.0011454203459970724,0.0018943284672863214,0.038124416408129136,0.006357008009881825,-0.290008544921875,0.0076381608805191625,0.0190918234043862,-0.01272822069016133,0.002219686727622072,0.002253398519606048,0.014178639547667982,0.013967098663623277,0.15892910684626818,0.1613361925676755,1.015145656885467,-0.01474920102482924,-0.0029921326471464837
44,2026-02-27,-0.016682942048633964,-0.007963556866596888,-0.01598461831132414,0.00022822273583944508,0.031916172380490604,-0.010657778023564638,-1.8800048828125,-0.011366664456832543,0.009584158013864696,-0.011765058876957779,0.0054064734754804,0.015619575509548662,0.01644586868603253,0.013844444593981228,0.9497567934988052,1.128219727668899,1.1879038248441003,0.005033947717415721,-0.015301941394823437
45,2026-03-02,-0.005534484412257901,-0.004288898156795229,-0.0013952543913814397,0.0011732786095077774,-0.5072790080214655,-0.017286274123322492,3.6300048828125,-0.022125094978173054,0.011933886184604114,-0.031041578219702992,-0.016682942048633964,0.007883149994452464,0.016129108273846365,0.012780429832788312,0.4887529961737024,0.6168141523869697,1.2620161046905471,-0.007103937988519604,0.014401143717083897
46,2026-03-03,,,,,,,,,,,,,,,,,,,
47,2026-03-04,,,,,,,,,,,,,,,,,,,
48,2026-03-05,,,,,,,,,,,,,,,,,,,
49,2026-03-06,,,,,,,,,,,,,,,,,,,
50,2026-03-09,,,,,,,,,,,,,,,,,,,
51,2026-03-10,,,,,,,,,,,,,,,,,,,
52,2026-03-11,,,,,,,,,,,,,,,,,,,
53,2026-03-12,,,,,,,,,,,,,,,,,,,
54,2026-03-13,,,,,,,,,,,,,,,,,,,
