,Date,Close,Lag_6_High,Lag_9_Low,Lag_7_Open
0,2025-10-22,251.3485412597656,246.7847215786984,238.82554034163272,240.9027132904423
1,2025-10-23,252.73666381835935,251.7679591837619,235.5200485827795,246.91455220927548
2,2025-10-24,259.5673828125,256.6113736152233,239.38479264234812,251.42842769264908
3,2025-10-27,268.9046630859375,253.87509458891947,240.1836889124138,250.4197821526697
4,2025-10-28,267.1071472167969,256.98087539491434,245.65626715592245,254.3444728441902
5,2025-10-29,274.197509765625,254.53421031738452,249.76069521164575,254.39440086428343
6,2025-10-30,281.09814453125,256.01218852739623,247.4737875390444,254.02489806023604
7,2025-10-31,280.8085021972656,254.69399627404516,253.88509020638816,252.63679338694976
8,2025-11-03,283.3350830078125,261.32497431611404,243.8187566890876,256.2318873346248
9,2025-11-04,277.1634521484375,269.7735083332291,248.9517881335524,264.4607188078389
10,2025-11-05,283.9242553710937,270.3627344019799,251.50833675008087,269.3241367489819
11,2025-11-06,284.3636779785156,274.96645416764926,254.9736174865258,267.38675485794886
12,2025-11-07,278.45172119140625,291.1944142933695,263.9214429072172,291.1944142933695
13,2025-11-10,289.7064208984375,285.6119738650845,266.1384619149823,282.82575062167336
14,2025-11-11,290.914794921875,285.14262497278366,267.3068768000952,281.797163766903
15,2025-11-12,286.3210144042969,280.88837191256465,279.6800575475708,276.374515458966
16,2025-11-13,278.19207763671875,286.0314084420774,276.6541425566326,278.49163374098424
17,2025-11-14,276.0350036621094,287.9587999323025,279.42038779718166,284.9428776795432
18,2025-11-17,284.63330078125,283.3950181298404,275.8851900258856,282.8257840870045
19,2025-11-18,283.8943176269531,290.40545290698407,276.9637108122768,284.03413439651047
20,2025-11-19,292.4127502441406,291.52398321941854,280.7585903155872,287.35962699643375
21,2025-11-20,289.05731201171875,291.613842224268,274.8166751233446,291.2842728658537
22,2025-11-21,299.25347900390625,282.45627365196606,282.47622284552773,281.9569519907634
23,2025-11-24,318.14776611328125,278.1820807042813,286.9302176656824,271.0417870634884
24,2025-11-25,323.0011901855469,293.55120856159544,283.30512258449664,285.392279437324
25,2025-11-26,319.5159606933594,288.4081743957296,276.8638649512614,287.52939388700526
26,2025-11-28,319.7456359863281,303.39782684502376,270.3327588398133,286.77042153983126
27,2025-12-01,314.4628295898437,306.0042898345543,283.1852862901624,304.1268355762142
28,2025-12-02,315.38153076171875,303.50770955644725,277.8225797399186,296.0178842040454
29,2025-12-03,319.19635009765625,319.0465694557707,286.2411417953812,310.70789188393536
30,2025-12-04,317.1890869140625,328.3838617048627,288.2783714658303,325.767421144808
31,2025-12-05,320.8341064453125,324.0597758686898,293.4513634023398,320.2449508538883
32,2025-12-08,313.49932861328125,326.40660086319315,309.17996886834777,322.9313108653273
33,2025-12-09,316.85693359375,319.41609223758667,317.2190369667809,317.2690150587685
34,2025-12-10,319.9847412109375,317.948051296999,316.36024396458464,316.3102616947243
35,2025-12-11,312.210205078125,321.1436861691208,316.3602507133552,315.4614340573081
36,2025-12-12,309.07244873046875,321.92264650582644,313.464186206563,321.7928484740126
37,2025-12-15,308.003173828125,322.72155681925386,313.4841146313127,319.05652267664885
38,2025-12-16,306.3543395996094,320.21460294317257,313.6738540884245,319.82486263347363
39,2025-12-17,296.5112609863281,317.7662971049956,314.27306548179905,312.15025542764414
40,2025-12-18,302.2472229003906,321.0839735202244,318.73697999805336,315.6078174223929
41,2025-12-19,306.9439392089844,320.8940942947929,311.0010871288888,319.8548173729065
42,2025-12-22,309.56207275390625,314.6485102459599,311.6805848338384,313.47935032153816
43,2025-12-23,314.1288757324219,311.2009348824072,314.45863248382005,311.1009991314403
44,2025-12-24,313.8690490722656,310.5513666605185,308.3829128168011,304.7354841263937
45,2025-12-26,313.2894592285156,307.87325739956634,305.34506149685063,307.7933270972379
46,2025-12-29,313.33941650390625,303.7461677101471,304.66552711937686,301.50775321966603
47,2025-12-30,313.6292419433594,307.03387224107576,302.37712849550337,301.5177661333593
48,2025-12-31,312.7798156738281,309.9118326328777,295.9116769824828,309.6620085044852
49,2026-01-02,314.9283142089844,314.7184570357758,299.0195145942255,309.41219480948
50,2026-01-05,316.3173522949219,314.8583428959372,300.7582909786616,314.5485634057752
51,2026-01-06,314.1188659667969,314.86833429915043,305.0852133945127,314.25877806497726
52,2026-01-07,321.7535095214844,313.79908436732376,309.1024153195162,311.15095467052413
53,2026-01-08,325.2110595703125,316.7270674821765,311.70059264113144,312.2801854430232
54,2026-01-09,328.3388671875,314.3586907819443,312.0603135401851,312.62992729269524
55,2026-01-12,331.62652587890625,322.2731502440002,310.4014822754237,316.6770832413161
56,2026-01-13,335.7336730957031,318.79558832967825,312.24020504037514,317.4365596004392
57,2026-01-14,335.603759765625,320.71422913013345,311.22091551782626,316.17741436833177
58,2026-01-15,332.5458984375,325.9205589972494,310.11169732658084,314.13884430323384
59,2026-01-16,329.7678527832031,330.0876314322289,314.4086921415047,328.7385750407063
60,2026-01-20,321.77349853515625,330.5972566011106,311.5606693028291,326.8598973489763
61,2026-01-21,328.1490173339844,333.80501545240315,313.96898096999803,325.57079145505844
62,2026-01-22,330.3074951171875,340.25048265726696,321.2738288701313,334.7144015630273
63,2026-01-23,327.6993103027344,336.2832741209541,325.5707962902668,334.8243096530742
64,2026-01-26,333.02557373046875,337.4524480652932,324.7713664437944,337.4124676651339
65,2026-01-27,334.31463623046875,334.4145755186536,333.38532003422745,334.1747541117482
66,2026-01-28,335.7736511230469,327.49947891315526,330.2475447349911,320.6442885211675
67,2026-01-29,338.0120544433594,332.24613943011235,330.507324974913,320.6942733516965
68,2026-01-30,337.7622375488281,334.9142376434696,327.46948297740045,334.2147483456718
69,2026-02-02,343.4482421875,333.45526818914374,320.2045955865857,332.25610013077164
70,2026-02-03,339.47100830078125,335.60374537803585,319.12537039479025,327.5793954045391
71,2026-02-04,332.80572509765625,337.6722883721735,328.5187457270175,335.1340666902067
72,2026-02-05,331.0169677734375,337.30257365930305,327.219667476274,335.8236037532332
73,2026-02-06,322.63287353515625,342.0492210013424,326.7699676491338,340.06060015063264
74,2026-02-09,324.09185791015625,339.76083067041884,333.2454121385867,339.76083067041884
75,2026-02-10,318.3558654785156,344.5874244246442,331.7065067534381,335.983495554882
76,2026-02-11,310.7412414550781,348.7544814019383,326.3103005061971,347.09564553860224
77,2026-02-12,308.7826232910156,343.0684894885568,332.0562627255977,342.7187296036167
78,2026-02-13,305.50494384765625,332.45595718246585,335.3939142353609,312.0003564748562
79,2026-02-17,301.8075256347656,330.147603202773,337.2325938809106,326.94984200428365
80,2026-02-18,303.1166076660156,327.4694850607409,328.2888852617291,320.70422803551696
81,2026-02-19,302.636962890625,321.4437184993816,306.2443988387428,320.7441987510988
82,2026-02-20,314.7584228515625,320.8341425405983,319.694969697787,318.7456164455411
83,2026-02-23,311.2708740234375,316.0175203045161,317.036826848448,311.87044586439265
84,2026-02-24,310.6813049316406,308.412900480652,314.38865715458337,307.5135396808651
85,2026-02-25,312.67987060546875,304.22583664461854,309.44216816023624,299.82893803190484
86,2026-02-26,307.1637878417969,305.1651838815364,306.9839017615506,301.87748970860525
87,2026-02-27,311.54071044921875,305.25511494304027,303.4963480144474,301.6076886754516
88,2026-03-02,306.3043518066406,316.2773425544253,296.0415956615768,304.1059184917761
89,2026-03-03,303.3664245605469,319.29522413676915,301.0380842700908,318.82555353627805
90,2026-03-04,302.9167785644531,312.05033638585,299.828942056139,310.3015673465962
91,2026-03-05,300.6683349609375,313.4193707572093,303.68620054308417,311.84046520002283
92,2026-03-06,298.3099975585937,312.9197459051382,309.65201848441603,312.42009761480955
93,2026-03-09,306.3599853515625,312.1502667227519,305.71479964031533,303.92607541564644
94,2026-03-10,307.0400085449219,308.27296712894787,309.22231323387047,303.0166882830762
95,2026-03-11,308.70001220703125,303.7261871662424,302.1373272609355,298.37994467731505
96,2026-03-12,303.54998779296875,305.2551289128473,303.5862877430576,302.6769571429086
97,2026-03-13,301.8699951171875,303.08661540637286,301.088022863519,302.82681905445145
